# Every comment id already reviewed (kept or rejected). The update step lists comments not in here as new.
99240
99249
99251
99252
99280
99342
99343
99387
99390
99391
99392
99394
99401
99405
99415
99425
99426
99446
99447
99458
99462
99463
99501
99521
99533
99534
99546
99569
99570
99579
99614
99616
99617
99618
99619
99648
99654
99656
99659
99664
99665
99666
99674
99676
99677
99678
99679
99680
99682
99684
99685
99686
99688
99689
99690
99692
99711
99714
99716
99731
99732
99741
99759
99760
99765
99769
99772
99781
99788
99792
99798
99799
99800
99804
99806
99807
99809
99813
99818
99822
99824
99830
99832
99834
99835
99836
99837
99838
99841
99842
99843
99844
99845
99846
99847
99848
99849
99851
99852
99856
99857
99862
99867
99884
99888
99899
99902
99903
99906
99908
99917
99921
99924
99925
99929
99930
99931
99933
99935
99940
99945
99946
99960
99961
99963
99964
99967
99975
99976
99981
99982
99987
99988
99994
99997
99998
100123
100127
100136
100141
100142
100143
100147
100154
100170
100171
100172
100177
100182
100184
100186
100194
100195
100197
100198
100200
100201
100202
100204
100205
100210
100212
100213
100215
100216
100218
100222
100223
100224
100226
100228
100230
100233
100237
100239
100240
100244
100246
100247
100248
100249
100250
100255
100257
100258
100266
100271
100273
100274
100276
100277
100278
100286
100291
100308
100312
100314
100319
100321
100323
100325
100326
100327
100331
100334
100346
100349
100350
100351
100356
100358
100361
100362
100364
100369
100373
100380
100381
100383
100390
100391
100394
100396
100397
100398
100399
100401
100405
100406
100407
100408
100409
100413
100419
100420
100426
100428
100429
100432
100434
100436
100437
100439
100442
100446
100449
100458
100463
100464
100466
100472
100474
100481
100483
100486
100487
100492
100497
100498
100499
100500
100505
100506
100507
100511
100514
100516
100520
100525
100526
100527
100529
100530
100531
100534
100536
100537
100538
100540
100543
100549
100554
100555
100558
100577
100579
100580
100582
100583
100593
100594
100595
100596
100600
100602
100603
100604
100605
100606
100607
100608
100609
100613
100617
100619
100626
100627
100628
100632
100634
100635
100637
100639
100641
100642
100644
100647
100648
100651
100654
100655
100656
100658
100659
100660
100661
100663
100664
100665
100668
100669
100670
100671
100672
100673
100674
100676
100677
100678
100679
100680
100681
100683
100684
100685
100686
100687
100688
100689
100690
100691
100692
100709
100713
100716
100717
100724
100725
100726
100727
100728
100729
100730
100731
100732
100733
100734
100736
100737
100738
100739
100740
100741
100742
100743
100744
100748
100749
100750
100751
100754
100755
100756
100757
100758
100759
100760
100766
100767
100769
100770
100771
100773
100776
100777
100779
100780
100782
100783
100784
100785
100786
100787
100788
100790
100791
100792
100794
100795
100797
100798
100800
100801
100802
100803
100804
100806
100808
100810
100811
100812
100813
100815
100817
100818
100819
100820
100821
100822
100823
100824
100827
100828
100829
100840
100841
100842
100843
100846
100847
100850
100851
100860
100862
100863
100867
100868
100869
100873
100875
100876
100878
100880
100883
100887
100888
100889
100892
100893
100894
100896
100900
100904
100906
100907
100910
100912
100913
100916
100917
100918
100922
100929
100932
100933
100934
100936
100937
100938
100939
100942
100943
100948
100949
100950
100953
100954
100955
100958
100967
100968
100969
100970
100971
100977
100979
100980
100981
100982
100983
100988
100989
100990
100991
100992
100994
100996
100997
100998
100999
101002
101013
101022
101025
101027
101030
101032
101035
101036
101037
101039
101042
101043
101044
101046
101047
101049
101050
101054
101056
101060
101061
101068
101072
101077
101078
101081
101082
101085
101086
101090
101091
101092
101095
101099
101103
101104
101105
101106
101109
101110
101111
101112
101114
101116
101117
101118
101119
101120
101122
101123
101124
101128
101130
101136
101140
101147
101153
101157
101158
101160
101161
101164
101166
101171
101175
101176
101178
101181
101182
101187
101189
101192
101193
101197
101199
101202
101203
101205
101206
101208
101209
101210
101211
101213
101214
101215
101226
101231
101252
101260
101262
101265
101270
101277
101279
101282
101287
101288
101290
101291
101293
101305
101314
101315
101316
101321
101322
101323
101330
101332
101342
101343
101353
101368
101371
101376
101380
101396
101400
101411
101412
101423
101429
101437
101469
101495
101497
101513
101526
101528
101529
101531
101544
101548
101549
101550
101563
101594
101598
101602
101606
101609
101615
101642
101643
101652
101656
101660
101663
101669
101686
101687
101711
101715
101716
101717
101718
101719
101721
101723
101733
101743
101746
101748
101751
101763
101769
101770
101771
101772
101773
101774
101776
101779
101781
101790
101791
101799
101805
101809
101811
101812
101813
101816
101817
101818
101820
101821
101825
101826
101828
101839
101846
101851
101856
101859
101860
101863
101864
101865
101869
101872
101873
101874
101876
101878
101885
101886
101887
101888
101889
101890
101891
101893
101894
101896
101897
101898
101899
101900
101902
101907
101910
101911
101914
101915
101917
101918
101919
101920
101922
101927
101928
101929
101930
101934
101941
101943
101950
101951
101953
101957
101958
101959
101963
101964
101965
101967
101969
101975
101976
101978
101979
101981
101982
101983
101986
101988
101989
101991
101993
101994
101995
101996
101997
102000
102002
102003
102004
102005
102007
102008
102009
102010
102011
102013
102014
102015
102017
102018
102021
102022
102023
102024
102026
102029
102031
102033
102035
102039
102042
102051
102052
102053
102055
102058
102059
102071
102076
102081
102082
102083
102084
102086
102087
102088
102089
102096
102113
102127
102130
102131
102132
102134
102135
102138
102142
102143
102144
102145
102149
102151
102153
102154
102156
102159
102160
102162
102163
102164
102165
102166
102167
102169
102172
102174
102175
102176
102177
102178
102180
102198
102199
102200
102202
102203
102204
102205
102206
102207
102211
102214
102218
102220
102221
102222
102232
102233
102236
102237
102242
102245
102248
102249
102250
102252
102253
102255
102256
102257
102263
102271
102274
102280
102281
102282
102291
102292
102293
102294
102298
102303
102304
102305
102306
102310
102315
102318
102319
102350
102351
102352
102353
102354
102359
102363
102365
102366
102367
102368
102369
102370
102371
102372
102373
102374
102383
102386
102387
102390
102391
102392
102393
102398
102412
102415
102416
102421
102424
102425
102426
102430
102436
102437
102438
102440
102441
102449
102450
102452
102453
102459
102460
102461
102464
102466
102467
102469
102476
102477
102478
102482
102483
102484
102486
102487
102489
102493
102500
102505
102508
102509
102510
102511
102512
102513
102515
102516
102523
102524
102525
102526
102527
102530
102534
102536
102542
102549
102579
102584
102591
102592
102593
102594
102595
102597
102603
102606
102608
102609
102612
102617
102623
102625
102628
102629
102632
102633
102634
102638
102646
102650
102652
102654
102658
102659
102660
102674
102689
102690
102692
102696
102697
102698
102699
102701
102713
102717
102718
102721
102733
102735
102736
102737
102739
102740
102741
102742
102744
102745
102746
102747
102751
102753
102757
102758
102760
102761
102762
102763
102764
102766
102767
102771
102780
102786
102789
102795
102807
102808
102813
102814
102815
102818
102820
102822
102823
102824
102825
102828
102829
102830
102832
102833
102834
102835
102841
102844
102845
102850
102852
103259
103035
102921
103033
103031
103247
103036
103039
103041
103043
103167
103218
103223
103224
103225
103301
102979
103181
103295
103016
103123
103235
103109
103281
103283
103280
103264
103193
102927
102986
103158
103174
103159
103257
103209
103192
103034
103086
103303
103195
103037
103258
103055
102931
102930
103261
103089
103216
102933
103072
102985
103153
103091
103305
102974
103213
103221
102874
103194
103222
102976
102876
103227
103122
102972
102920
102922
103105
103169
102975
102981
103306
103040
103172
102982
103111
103220
102984
102866
103029
103115
103219
103226
103108
103185
102884
102983
103202
103179
103262
102901
102902
102903
103110
103263
